0 0.402778 0.692130 0.050654 0.300926
0 0.325163 0.689815 0.029412 0.314815
0 0.255719 0.715278 0.040850 0.254630
0 0.164216 0.689815 0.040850 0.296296
0 0.074346 0.703704 0.040850 0.277778
0 0.080882 0.317130 0.034314 0.217593
0 0.164216 0.331019 0.031046 0.254630
0 0.241830 0.331019 0.049020 0.254630
0 0.320261 0.305556 0.022876 0.240741
0 0.406863 0.303241 0.042484 0.254630
1 0.554739 0.303241 0.073529 0.273148
1 0.789216 0.303241 0.055556 0.347222
1 0.784314 0.715278 0.065359 0.337963
1 0.910131 0.715278 0.062092 0.337963
